S: 0.44570562544575265
R: 11.016089216750252
DP Variance: 111.55311352117751
Bandwidth: 2.964498132553334
Epsilon: 1.0
Delta: 1e-06
Optimal c: 0.4
