S: 0.11064706647710064
R: 9.83956198940463
DP Variance: 6.874882399104541
Bandwidth: 1.2820152999598693
Epsilon: 1.0
Delta: 1e-06
