S: 0.14249200649728025
R: 13.926237706436327
DP Variance: 11.401617550716283
Bandwidth: 1.9939545473375506
Epsilon: 1.0
Delta: 1e-06
Optimal c: 2
